name: HCSS_Exam_2026
channels:
  - conda-forge
  - defaults
dependencies:
  - bzip2=1.0.8=h0ad9c76_9
  - ca-certificates=2026.4.22=h4c7d964_0
  - libexpat=2.7.5=hac47afa_0
  - libffi=3.5.2=h3d046cb_0
  - liblzma=5.8.3=hfd05255_0
  - libsqlite=3.53.0=hf5d6505_0
  - libzlib=1.3.2=hfd05255_2
  - openssl=3.6.2=hf411b9b_0
  - packaging=26.2=pyhc364b38_0
  - pip=26.0.1=pyh8b19718_0
  - python=3.11.15=h0159041_0_cpython
  - setuptools=82.0.1=pyh332efcf_0
  - tk=8.6.13=h6ed50ae_3
  - tzdata=2025c=hc9c84f9_1
  - ucrt=10.0.26100.0=h57928b3_0
  - vc=14.3=h41ae7f8_34
  - vc14_runtime=14.44.35208=h818238b_34
  - vcomp14=14.44.35208=h818238b_34
  - wheel=0.47.0=pyhd8ed1ab_0
prefix: C:\Users\RBMaa\anaconda3\envs\HCSS_Exam_2026
